10 10 1.0
20 20 1.0
30 30 1.0
40 40 1.0
50 50 1.0
60 60 1.0
70 70 1.0
80 80 1.0
90 90 1.0
100 99 0.99
110 109 0.990909090909
120 117 0.975
130 125 0.961538461538
140 132 0.942857142857
150 140 0.933333333333
160 147 0.91875
170 155 0.911764705882
180 162 0.9
190 169 0.889473684211
200 177 0.885
210 185 0.880952380952
220 189 0.859090909091
230 195 0.847826086957
240 203 0.845833333333
250 211 0.844
260 217 0.834615384615
270 224 0.82962962963
280 232 0.828571428571
290 238 0.820689655172
300 243 0.81
310 250 0.806451612903
320 255 0.796875
330 262 0.793939393939
340 265 0.779411764706
350 274 0.782857142857
360 280 0.777777777778
370 285 0.77027027027
380 290 0.763157894737
390 296 0.758974358974
400 299 0.7475
410 303 0.739024390244
420 308 0.733333333333
430 311 0.723255813953
440 315 0.715909090909
450 320 0.711111111111
460 326 0.708695652174
470 329 0.7
480 335 0.697916666667
490 341 0.695918367347
500 347 0.694
510 349 0.68431372549
520 355 0.682692307692
530 360 0.679245283019
540 361 0.668518518519
550 367 0.667272727273
560 370 0.660714285714
570 373 0.654385964912
580 377 0.65
590 382 0.647457627119
600 384 0.64
610 384 0.629508196721
620 386 0.622580645161
630 390 0.619047619048
640 393 0.6140625
650 395 0.607692307692
660 398 0.60303030303
670 400 0.597014925373
680 404 0.594117647059
690 410 0.594202898551
700 410 0.585714285714
710 412 0.580281690141
720 414 0.575
730 414 0.567123287671
740 416 0.562162162162
750 418 0.557333333333
760 420 0.552631578947
770 421 0.546753246753
780 424 0.54358974359
790 425 0.537974683544
800 427 0.53375
810 427 0.527160493827
820 428 0.521951219512
830 430 0.518072289157
840 431 0.513095238095
850 432 0.508235294118
860 432 0.502325581395
870 432 0.496551724138
880 432 0.490909090909
890 433 0.486516853933
900 433 0.481111111111
910 435 0.478021978022
920 435 0.472826086957
930 435 0.467741935484
940 436 0.463829787234
950 436 0.458947368421
960 438 0.45625
970 439 0.452577319588
980 439 0.447959183673
990 439 0.443434343434
1000 439 0.439
1010 440 0.435643564356
1020 440 0.43137254902
1030 440 0.427184466019
1040 440 0.423076923077
1050 440 0.419047619048
1060 440 0.415094339623
1070 441 0.41214953271
1080 442 0.409259259259
1090 442 0.405504587156
1100 443 0.402727272727
1110 443 0.399099099099
1120 444 0.396428571429
1130 444 0.392920353982
1140 444 0.389473684211
1150 444 0.386086956522
1160 444 0.38275862069
1170 444 0.379487179487
1180 444 0.376271186441
1190 444 0.373109243697
1200 445 0.370833333333
1210 446 0.368595041322
1220 446 0.365573770492
1230 446 0.362601626016
1240 446 0.359677419355
1250 447 0.3576
1260 448 0.355555555556
1270 448 0.352755905512
1280 448 0.35
1290 448 0.347286821705
1300 448 0.344615384615
1310 448 0.341984732824
1320 449 0.340151515152
1330 449 0.337593984962
1340 449 0.335074626866
1350 450 0.333333333333
1360 450 0.330882352941
1370 450 0.328467153285
1380 451 0.326811594203
1390 451 0.324460431655
1400 451 0.322142857143
1410 452 0.320567375887
1420 452 0.318309859155
1430 452 0.316083916084
1440 452 0.313888888889
1450 452 0.311724137931
1460 452 0.309589041096
1470 453 0.308163265306
1480 453 0.306081081081
1490 453 0.304026845638
1500 453 0.302
1510 453 0.3
1520 453 0.298026315789
1530 453 0.296078431373
1540 453 0.294155844156
1550 453 0.292258064516
1560 453 0.290384615385
1570 453 0.288535031847
1580 454 0.287341772152
1590 454 0.285534591195
1600 455 0.284375
1610 455 0.282608695652
1620 456 0.281481481481
1630 456 0.279754601227
1640 456 0.278048780488
1650 457 0.27696969697
1660 459 0.276506024096
1670 460 0.275449101796
1680 460 0.27380952381
1690 460 0.272189349112
1700 460 0.270588235294
1710 460 0.269005847953
1720 460 0.267441860465
1730 460 0.265895953757
1740 460 0.264367816092
1750 462 0.264
1760 463 0.263068181818
1770 464 0.262146892655
1780 464 0.260674157303
1790 464 0.259217877095
1800 464 0.257777777778
1810 464 0.25635359116
1820 464 0.254945054945
1830 464 0.253551912568
1840 464 0.252173913043
1850 464 0.250810810811
1860 464 0.249462365591
1870 464 0.248128342246
1880 464 0.246808510638
1890 465 0.246031746032
1900 465 0.244736842105
1910 465 0.243455497382
1920 466 0.242708333333
1930 466 0.241450777202
1940 467 0.240721649485
1950 467 0.239487179487
1960 467 0.238265306122
1970 468 0.237563451777
1980 468 0.236363636364
1990 469 0.23567839196
2000 470 0.235
2010 471 0.234328358209
2020 471 0.233168316832
2030 471 0.232019704433
2040 471 0.230882352941
2050 471 0.229756097561
2060 472 0.229126213592
2070 474 0.228985507246
2080 474 0.227884615385
2090 474 0.226794258373
2100 475 0.22619047619
2110 475 0.225118483412
2120 475 0.224056603774
2130 476 0.223474178404
2140 476 0.222429906542
2150 476 0.221395348837
2160 476 0.22037037037
2170 476 0.21935483871
2180 476 0.218348623853
2190 476 0.217351598174
2200 476 0.216363636364
2210 476 0.215384615385
2220 476 0.214414414414
2230 477 0.213901345291
2240 477 0.212946428571
2250 477 0.212
2260 478 0.211504424779
2270 478 0.210572687225
2280 478 0.209649122807
2290 478 0.208733624454
2300 478 0.207826086957
2310 478 0.206926406926
2320 479 0.206465517241
2330 479 0.205579399142
2340 479 0.204700854701
2350 479 0.203829787234
2360 480 0.203389830508
2370 480 0.20253164557
2380 481 0.202100840336
2390 482 0.201673640167
2400 482 0.200833333333
2410 482 0.2
2420 483 0.19958677686
2430 483 0.198765432099
2440 483 0.197950819672
2450 483 0.197142857143
2460 483 0.196341463415
2470 483 0.195546558704
2480 484 0.195161290323
2490 486 0.195180722892
2500 486 0.1944
2510 486 0.193625498008
2520 486 0.192857142857
2530 486 0.19209486166
2540 486 0.191338582677
2550 486 0.190588235294
2560 486 0.18984375
2570 486 0.189105058366
2580 486 0.188372093023
2590 486 0.187644787645
2600 486 0.186923076923
2610 486 0.186206896552
2620 486 0.185496183206
2630 487 0.185171102662
2640 487 0.18446969697
2650 487 0.183773584906
2660 487 0.183082706767
2670 487 0.182397003745
2680 487 0.18171641791
2690 487 0.181040892193
2700 487 0.18037037037
2710 487 0.179704797048
2720 487 0.179044117647
2730 487 0.178388278388
2740 487 0.177737226277
2750 487 0.177090909091
2760 487 0.176449275362
2770 487 0.175812274368
2780 488 0.175539568345
2790 488 0.174910394265
2800 488 0.174285714286
2810 488 0.173665480427
2820 488 0.17304964539
2830 490 0.173144876325
2840 490 0.172535211268
2850 490 0.171929824561
2860 491 0.171678321678
2870 491 0.171080139373
2880 491 0.170486111111
2890 491 0.169896193772
2900 491 0.169310344828
2910 492 0.169072164948
2920 493 0.168835616438
2930 493 0.168259385666
2940 493 0.16768707483
2950 494 0.167457627119
2960 494 0.166891891892
2970 494 0.16632996633
2980 494 0.165771812081
2990 496 0.165886287625
3000 496 0.165333333333
3010 496 0.164784053156
3020 496 0.164238410596
3030 496 0.163696369637
3040 496 0.163157894737
3050 497 0.162950819672
3060 498 0.162745098039
3070 498 0.162214983713
3080 498 0.161688311688
3090 498 0.161165048544
3100 499 0.160967741935
3110 499 0.160450160772
3120 499 0.159935897436
3130 499 0.159424920128
3140 499 0.158917197452
3150 500 0.15873015873
3160 500 0.158227848101
3170 500 0.157728706625
3180 500 0.157232704403
3190 500 0.156739811912
3200 501 0.1565625
3210 501 0.156074766355
3220 501 0.155590062112
3230 501 0.155108359133
3240 501 0.15462962963
3250 501 0.154153846154
3260 501 0.153680981595
3270 501 0.153211009174
3280 501 0.152743902439
3290 502 0.152583586626
3300 502 0.152121212121
3310 502 0.15166163142
3320 502 0.151204819277
3330 502 0.150750750751
3340 502 0.150299401198
3350 502 0.149850746269
3360 502 0.149404761905
3370 502 0.148961424332
3380 502 0.148520710059
3390 502 0.14808259587
3400 502 0.147647058824
3410 502 0.147214076246
3420 502 0.146783625731
3430 503 0.146647230321
3440 503 0.146220930233
3450 504 0.146086956522
3460 504 0.145664739884
3470 504 0.145244956772
3480 505 0.145114942529
3490 505 0.144699140401
3500 505 0.144285714286
3510 506 0.14415954416
3520 508 0.144318181818
3530 509 0.144192634561
3540 509 0.143785310734
3550 509 0.14338028169
3560 509 0.14297752809
3570 509 0.142577030812
3580 510 0.142458100559
3590 510 0.142061281337
3600 511 0.141944444444
3610 511 0.141551246537
3620 511 0.141160220994
3630 512 0.141046831956
3640 512 0.140659340659
3650 513 0.140547945205
3660 513 0.140163934426
3670 513 0.139782016349
3680 513 0.139402173913
3690 513 0.139024390244
3700 513 0.138648648649
3710 513 0.138274932615
3720 514 0.138172043011
3730 514 0.137801608579
3740 514 0.13743315508
3750 514 0.137066666667
3760 514 0.13670212766
3770 514 0.136339522546
3780 514 0.135978835979
3790 514 0.13562005277
3800 514 0.135263157895
3810 514 0.134908136483
3820 515 0.134816753927
3830 515 0.134464751958
3840 515 0.134114583333
3850 515 0.133766233766
3860 517 0.133937823834
3870 517 0.133591731266
3880 517 0.13324742268
3890 517 0.132904884319
3900 517 0.132564102564
3910 517 0.132225063939
3920 517 0.131887755102
3930 518 0.131806615776
3940 518 0.131472081218
3950 518 0.131139240506
3960 518 0.130808080808
3970 518 0.130478589421
3980 518 0.130150753769
3990 518 0.129824561404
4000 518 0.1295
4010 518 0.129177057357
4020 519 0.129104477612
4030 519 0.128784119107
4040 519 0.128465346535
4050 519 0.128148148148
4060 519 0.127832512315
4070 519 0.127518427518
4080 519 0.127205882353
4090 519 0.126894865526
4100 519 0.126585365854
4110 519 0.126277372263
4120 519 0.125970873786
4130 519 0.125665859564
4140 519 0.125362318841
4150 519 0.125060240964
4160 519 0.124759615385
4170 519 0.124460431655
4180 519 0.124162679426
4190 520 0.124105011933
4200 521 0.124047619048
4210 521 0.123752969121
4220 521 0.12345971564
4230 521 0.1231678487
4240 521 0.122877358491
4250 521 0.122588235294
4260 522 0.122535211268
4270 522 0.12224824356
4280 522 0.121962616822
4290 523 0.121911421911
4300 523 0.121627906977
4310 523 0.121345707657
4320 523 0.121064814815
4330 523 0.1207852194
4340 523 0.120506912442
4350 523 0.120229885057
4360 523 0.11995412844
4370 523 0.119679633867
4380 523 0.119406392694
4390 523 0.119134396355
4400 523 0.118863636364
4410 524 0.118820861678
4420 525 0.118778280543
4430 525 0.118510158014
4440 525 0.118243243243
4450 525 0.11797752809
4460 525 0.117713004484
4470 525 0.11744966443
4480 525 0.1171875
4490 525 0.116926503341
4500 525 0.116666666667
4510 525 0.116407982262
4520 525 0.116150442478
4530 525 0.115894039735
4540 526 0.115859030837
4550 526 0.115604395604
4560 526 0.115350877193
4570 526 0.115098468271
4580 526 0.114847161572
4590 526 0.114596949891
4600 526 0.114347826087
4610 526 0.11409978308
4620 526 0.113852813853
4630 527 0.113822894168
4640 527 0.113577586207
4650 527 0.113333333333
4660 527 0.113090128755
4670 527 0.112847965739
4680 527 0.112606837607
4690 527 0.11236673774
4700 527 0.112127659574
4710 527 0.111889596603
4720 527 0.111652542373
4730 527 0.111416490486
4740 527 0.111181434599
4750 527 0.110947368421
4760 527 0.110714285714
4770 527 0.110482180294
4780 527 0.110251046025
4790 527 0.110020876827
4800 527 0.109791666667
4810 527 0.109563409563
4820 527 0.109336099585
4830 527 0.109109730849
4840 527 0.108884297521
4850 528 0.108865979381
4860 528 0.108641975309
4870 528 0.10841889117
4880 528 0.108196721311
4890 528 0.107975460123
4900 528 0.107755102041
4910 529 0.107739307536
4920 529 0.107520325203
4930 529 0.107302231237
4940 529 0.107085020243
4950 529 0.106868686869
4960 529 0.106653225806
4970 529 0.106438631791
4980 529 0.106224899598
4990 529 0.106012024048
5000 529 0.1058
5010 529 0.105588822355
5020 530 0.105577689243
5030 530 0.105367793241
5040 531 0.105357142857
5050 531 0.105148514851
5060 531 0.104940711462
5070 531 0.104733727811
5080 532 0.104724409449
5090 532 0.104518664047
5100 532 0.10431372549
5110 532 0.104109589041
5120 532 0.10390625
5130 532 0.103703703704
5140 532 0.103501945525
5150 532 0.103300970874
5160 532 0.103100775194
5170 533 0.103094777563
5180 533 0.102895752896
5190 533 0.102697495183
5200 533 0.1025
5210 534 0.102495201536
5220 534 0.102298850575
5230 534 0.102103250478
5240 534 0.101908396947
5250 534 0.101714285714
5260 535 0.101711026616
5270 535 0.101518026565
5280 535 0.101325757576
5290 535 0.101134215501
5300 536 0.101132075472
5310 537 0.101129943503
5320 540 0.101503759398
5330 540 0.101313320826
5340 540 0.101123595506
5350 540 0.100934579439
5360 541 0.100932835821
5370 542 0.100931098696
5380 546 0.101486988848
5390 546 0.101298701299
5400 547 0.101296296296
5410 547 0.101109057301
5420 548 0.10110701107
5430 548 0.100920810313
5440 548 0.100735294118
5450 548 0.100550458716
5460 548 0.100366300366
5470 548 0.100182815356
5480 548 0.1
5490 548 0.0998178506375
5500 549 0.0998181818182
5510 549 0.0996370235935
5520 549 0.0994565217391
5530 549 0.0992766726944
5540 549 0.0990974729242
5550 549 0.0989189189189
5560 550 0.0989208633094
5570 551 0.0989228007181
5580 551 0.0987455197133
5590 551 0.0985688729875
5600 551 0.0983928571429
5610 551 0.0982174688057
5620 551 0.0980427046263
5630 551 0.0978685612789
5640 551 0.097695035461
5650 551 0.0975221238938
5660 553 0.097703180212
5670 553 0.0975308641975
5680 553 0.0973591549296
5690 553 0.0971880492091
5700 553 0.0970175438596
5710 554 0.0970227670753
5720 554 0.0968531468531
5730 555 0.0968586387435
5740 555 0.0966898954704
5750 555 0.0965217391304
5760 555 0.0963541666667
5770 556 0.0963604852686
5780 556 0.0961937716263
5790 556 0.0960276338515
5800 556 0.0958620689655
5810 556 0.0956970740103
5820 556 0.0955326460481
5830 557 0.0955403087479
5840 558 0.0955479452055
5850 558 0.0953846153846
5860 558 0.0952218430034
5870 558 0.0950596252129
5880 558 0.0948979591837
5890 558 0.0947368421053
5900 558 0.0945762711864
5910 558 0.0944162436548
5920 558 0.0942567567568
5930 559 0.0942664418212
5940 559 0.0941077441077
5950 561 0.0942857142857
5960 561 0.0941275167785
5970 562 0.0941373534338
5980 562 0.0939799331104
5990 562 0.0938230383973
6000 563 0.0938333333333
6010 564 0.09384359401
6020 564 0.0936877076412
6030 564 0.0935323383085
6040 564 0.0933774834437
6050 564 0.0932231404959
6060 564 0.0930693069307
6070 564 0.0929159802306
6080 565 0.0929276315789
6090 566 0.0929392446634
6100 566 0.0927868852459
6110 566 0.0926350245499
6120 568 0.0928104575163
6130 568 0.0926590538336
6140 569 0.092671009772
6150 569 0.0925203252033
6160 569 0.0923701298701
6170 570 0.0923824959481
6180 572 0.0925566343042
6190 572 0.0924071082391
6200 572 0.0922580645161
6210 572 0.0921095008052
6220 572 0.091961414791
6230 572 0.0918138041734
6240 572 0.0916666666667
6250 572 0.09152
6260 572 0.0913738019169
6270 572 0.0912280701754
6280 573 0.0912420382166
6290 573 0.0910969793323
6300 573 0.0909523809524
6310 573 0.0908082408875
6320 573 0.090664556962
6330 573 0.0905213270142
6340 573 0.0903785488959
6350 573 0.0902362204724
6360 573 0.0900943396226
6370 573 0.0899529042386
6380 573 0.0898119122257
6390 573 0.0896713615023
6400 575 0.08984375
6410 575 0.0897035881435
6420 575 0.0895638629283
6430 576 0.0895800933126
6440 576 0.0894409937888
6450 576 0.0893023255814
6460 576 0.0891640866873
6470 576 0.0890262751159
6480 576 0.0888888888889
6490 576 0.0887519260401
6500 576 0.0886153846154
6510 576 0.0884792626728
6520 576 0.0883435582822
6530 576 0.0882082695253
6540 576 0.0880733944954
6550 576 0.0879389312977
6560 577 0.0879573170732
6570 577 0.0878234398782
6580 578 0.0878419452888
6590 579 0.0878603945372
6600 580 0.0878787878788
6610 580 0.0877458396369
6620 580 0.0876132930514
6630 581 0.0876319758673
6640 581 0.0875
6650 581 0.0873684210526
6660 581 0.0872372372372
6670 582 0.0872563718141
6680 583 0.0872754491018
6690 583 0.0871449925262
6700 583 0.0870149253731
6710 583 0.0868852459016
6720 583 0.086755952381
6730 583 0.0866270430906
6740 583 0.0864985163205
6750 583 0.0863703703704
6760 583 0.0862426035503
6770 584 0.0862629246677
6780 584 0.0861356932153
6790 585 0.0861561119293
6800 586 0.0861764705882
6810 587 0.0861967694567
6820 587 0.0860703812317
6830 587 0.085944363104
6840 587 0.0858187134503
6850 587 0.0856934306569
6860 587 0.0855685131195
6870 587 0.0854439592431
6880 588 0.0854651162791
6890 588 0.0853410740203
6900 588 0.0852173913043
6910 588 0.0850940665702
6920 588 0.0849710982659
6930 589 0.0849927849928
6940 589 0.0848703170029
6950 589 0.0847482014388
6960 589 0.0846264367816
6970 589 0.0845050215208
6980 589 0.0843839541547
6990 589 0.0842632331903
7000 589 0.0841428571429
7010 589 0.0840228245364
7020 589 0.0839031339031
7030 589 0.0837837837838
7040 590 0.0838068181818
7050 591 0.083829787234
7060 591 0.0837110481586
7070 591 0.0835926449788
7080 591 0.0834745762712
7090 591 0.0833568406206
7100 592 0.0833802816901
7110 592 0.0832630098453
7120 592 0.0831460674157
7130 592 0.0830294530154
7140 592 0.0829131652661
7150 592 0.0827972027972
7160 592 0.0826815642458
7170 593 0.0827057182706
7180 593 0.0825905292479
7190 594 0.0826147426982
7200 594 0.0825
7210 594 0.0823855755895
7220 594 0.082271468144
7230 594 0.0821576763485
7240 594 0.082044198895
7250 595 0.0820689655172
7260 595 0.081955922865
7270 595 0.0818431911967
7280 595 0.0817307692308
7290 595 0.0816186556927
7300 595 0.0815068493151
7310 595 0.0813953488372
7320 595 0.0812841530055
7330 596 0.081309686221
7340 597 0.0813351498638
7350 597 0.0812244897959
7360 597 0.0811141304348
7370 597 0.0810040705563
7380 597 0.0808943089431
7390 598 0.0809201623816
7400 598 0.0808108108108
7410 600 0.080971659919
7420 600 0.0808625336927
7430 600 0.0807537012113
7440 600 0.0806451612903
7450 600 0.0805369127517
7460 600 0.0804289544236
7470 601 0.0804551539491
7480 602 0.0804812834225
7490 602 0.0803738317757
7500 602 0.0802666666667
7510 603 0.080292942743
7520 603 0.0801861702128
7530 603 0.0800796812749
7540 603 0.0799734748011
7550 603 0.0798675496689
7560 603 0.0797619047619
7570 603 0.0796565389696
7580 604 0.0796833773087
7590 605 0.0797101449275
7600 605 0.0796052631579
7610 605 0.0795006570302
7620 606 0.0795275590551
7630 606 0.0794233289646
7640 606 0.0793193717277
7650 606 0.0792156862745
7660 606 0.0791122715405
7670 606 0.0790091264668
7680 606 0.07890625
7690 607 0.078933680104
7700 607 0.0788311688312
7710 607 0.078728923476
7720 607 0.0786269430052
7730 607 0.0785252263907
7740 607 0.0784237726098
7750 607 0.0783225806452
7760 607 0.0782216494845
7770 607 0.078120978121
7780 607 0.0780205655527
7790 607 0.0779204107831
7800 607 0.0778205128205
7810 607 0.0777208706786
7820 607 0.077621483376
7830 607 0.0775223499361
7840 607 0.0774234693878
7850 608 0.0774522292994
7860 608 0.0773536895674
7870 608 0.0772554002541
7880 608 0.0771573604061
7890 608 0.0770595690748
7900 608 0.0769620253165
7910 608 0.0768647281922
7920 609 0.0768939393939
7930 610 0.0769230769231
7940 610 0.0768261964736
7950 610 0.0767295597484
7960 610 0.0766331658291
7970 610 0.0765370138018
7980 610 0.0764411027569
7990 610 0.0763454317897
8000 610 0.07625
8010 610 0.0761548064919
8020 611 0.0761845386534
8030 611 0.0760896637609
8040 611 0.0759950248756
8050 611 0.075900621118
8060 611 0.0758064516129
8070 611 0.0757125154895
8080 613 0.0758663366337
8090 613 0.0757725587145
8100 613 0.0756790123457
8110 614 0.075709001233
8120 614 0.0756157635468
8130 614 0.0755227552276
8140 614 0.07542997543
8150 614 0.0753374233129
8160 614 0.0752450980392
8170 615 0.0752753977968
8180 615 0.0751833740831
8190 615 0.0750915750916
8200 615 0.075
8210 615 0.0749086479903
8220 615 0.0748175182482
8230 615 0.0747266099635
8240 617 0.0748786407767
8250 617 0.0747878787879
8260 617 0.0746973365617
8270 617 0.0746070133011
8280 617 0.0745169082126
8290 617 0.0744270205066
8300 617 0.0743373493976
8310 617 0.0742478941035
8320 618 0.0742788461538
8330 618 0.0741896758703
8340 618 0.0741007194245
8350 618 0.0740119760479
8360 618 0.0739234449761
8370 618 0.073835125448
8380 618 0.0737470167064
8390 618 0.0736591179976
8400 618 0.0735714285714
8410 619 0.0736028537455
8420 619 0.0735154394299
8430 620 0.073546856465
8440 620 0.0734597156398
8450 620 0.0733727810651
8460 620 0.0732860520095
8470 622 0.0734356552538
8480 622 0.0733490566038
8490 623 0.0733804475854
8500 623 0.0732941176471
8510 623 0.0732079905993
8520 623 0.0731220657277
8530 624 0.0731535756155
8540 624 0.0730679156909
8550 624 0.0729824561404
8560 624 0.0728971962617
8570 624 0.0728121353559
8580 625 0.0728438228438
8590 625 0.0727590221187
8600 625 0.0726744186047
8610 626 0.072706155633
8620 626 0.0726218097448
8630 626 0.0725376593279
8640 627 0.0725694444444
8650 627 0.0724855491329
8660 628 0.0725173210162
8670 628 0.0724336793541
8680 628 0.0723502304147
8690 628 0.0722669735328
8700 628 0.072183908046
8710 628 0.0721010332951
8720 628 0.0720183486239
8730 628 0.0719358533792
8740 628 0.0718535469108
8750 628 0.0717714285714
8760 628 0.0716894977169
8770 628 0.0716077537058
8780 628 0.0715261958998
8790 628 0.0714448236633
8800 628 0.0713636363636
8810 628 0.0712826333712
8820 629 0.0713151927438
8830 631 0.0714609286523
8840 631 0.0713800904977
8850 632 0.0714124293785
8860 633 0.0714446952596
8870 633 0.0713641488162
8880 633 0.0712837837838
8890 633 0.0712035995501
8900 633 0.0711235955056
8910 633 0.0710437710438
8920 633 0.0709641255605
8930 633 0.0708846584546
8940 633 0.0708053691275
8950 633 0.0707262569832
8960 633 0.0706473214286
8970 633 0.0705685618729
8980 633 0.0704899777283
8990 633 0.0704115684093
9000 634 0.0704444444444
9010 634 0.0703662597114
9020 634 0.070288248337
9030 634 0.0702104097453
9040 634 0.0701327433628
9050 634 0.0700552486188
9060 634 0.0699779249448
9070 634 0.0699007717751
9080 634 0.0698237885463
9090 634 0.0697469746975
9100 634 0.0696703296703
9110 634 0.0695938529089
9120 634 0.0695175438596
9130 634 0.0694414019715
9140 634 0.0693654266958
9150 635 0.0693989071038
9160 635 0.0693231441048
9170 635 0.0692475463468
9180 636 0.0692810457516
9190 636 0.0692056583243
9200 636 0.0691304347826
9210 636 0.0690553745928
9220 636 0.0689804772234
9230 636 0.0689057421452
9240 636 0.0688311688312
9250 636 0.0687567567568
9260 636 0.0686825053996
9270 636 0.0686084142395
9280 636 0.0685344827586
9290 636 0.0684607104413
9300 636 0.0683870967742
9310 637 0.0684210526316
9320 637 0.068347639485
9330 637 0.0682743837085
9340 637 0.0682012847966
9350 637 0.068128342246
9360 637 0.0680555555556
9370 637 0.0679829242263
9380 638 0.0680170575693
9390 638 0.0679446219382
9400 638 0.0678723404255
9410 638 0.0678002125399
9420 638 0.0677282377919
9430 639 0.0677624602333
9440 639 0.0676906779661
9450 640 0.0677248677249
9460 640 0.0676532769556
9470 640 0.0675818373812
9480 641 0.0676160337553
9490 641 0.0675447839831
9500 641 0.0674736842105
9510 641 0.0674027339642
9520 642 0.0674369747899
9530 643 0.0674711437566
9540 643 0.0674004192872
9550 643 0.0673298429319
9560 643 0.0672594142259
9570 643 0.0671891327064
9580 643 0.0671189979123
9590 643 0.0670490093848
9600 644 0.0670833333333
9610 644 0.0670135275754
9620 645 0.0670478170478
9630 645 0.0669781931464
9640 645 0.0669087136929
9650 645 0.0668393782383
9660 645 0.0667701863354
9670 645 0.0667011375388
9680 645 0.066632231405
9690 646 0.0666666666667
9700 646 0.0665979381443
9710 646 0.0665293511843
9720 648 0.0666666666667
9730 648 0.0665981500514
9740 649 0.0666324435318
9750 649 0.0665641025641
9760 649 0.0664959016393
9770 649 0.0664278403275
9780 649 0.0663599182004
9790 650 0.0663942798774
9800 650 0.0663265306122
9810 650 0.0662589194699
9820 650 0.0661914460285
9830 651 0.0662258392675
9840 651 0.0661585365854
9850 652 0.066192893401
9860 652 0.0661257606491
9870 653 0.0661600810537
9880 653 0.0660931174089
9890 654 0.0661274014156
9900 654 0.0660606060606
9910 654 0.0659939455096
9920 654 0.0659274193548
9930 654 0.0658610271903
9940 654 0.0657947686117
9950 654 0.0657286432161
9960 656 0.0658634538153
9970 657 0.0658976930792
9980 657 0.0658316633267
9990 658 0.0658658658659
10000 658 0.0658
10010 658 0.0657342657343
10020 658 0.0656686626747
10030 658 0.0656031904287
10040 658 0.0655378486056
10050 658 0.0654726368159
10060 658 0.065407554672
10070 658 0.0653426017875
10080 658 0.0652777777778
10090 658 0.0652130822597
10100 658 0.0651485148515
10110 658 0.0650840751731
10120 658 0.0650197628458
10130 658 0.0649555774926
10140 658 0.0648915187377
10150 658 0.0648275862069
10160 658 0.0647637795276
10170 658 0.0647000983284
10180 658 0.0646365422397
10190 658 0.064573110893
10200 658 0.0645098039216
10210 658 0.0644466209598
10220 659 0.064481409002
10230 661 0.0646138807429
10240 661 0.06455078125
10250 661 0.064487804878
10260 661 0.0644249512671
10270 661 0.0643622200584
10280 662 0.0643968871595
10290 662 0.0643343051506
10300 662 0.0642718446602
10310 662 0.0642095053346
10320 662 0.0641472868217
10330 662 0.0640851887706
10340 663 0.0641199226306
10350 663 0.0640579710145
10360 663 0.0639961389961
10370 663 0.0639344262295
10380 663 0.0638728323699
10390 663 0.0638113570741
10400 664 0.0638461538462
10410 664 0.0637848222863
10420 664 0.0637236084453
10430 664 0.0636625119847
10440 664 0.063601532567
10450 664 0.0635406698565
10460 664 0.0634799235182
10470 664 0.0634192932187
10480 664 0.063358778626
10490 664 0.063298379409
10500 665 0.0633333333333
10510 665 0.0632730732636
10520 665 0.0632129277567
10530 665 0.0631528964862
10540 666 0.0631878557875
10550 666 0.0631279620853
10560 666 0.0630681818182
10570 666 0.0630085146641
10580 666 0.0629489603025
10590 666 0.0628895184136
10600 666 0.0628301886792
10610 666 0.0627709707823
10620 666 0.0627118644068
10630 666 0.062652869238
10640 666 0.0625939849624
10650 666 0.0625352112676
10660 666 0.0624765478424
10670 666 0.0624179943768
10680 667 0.0624531835206
10690 667 0.0623947614593
10700 668 0.0624299065421
10710 668 0.0623716153128
10720 668 0.0623134328358
10730 668 0.0622553588071
10740 668 0.0621973929236
10750 668 0.0621395348837
10760 668 0.0620817843866
10770 668 0.0620241411328
10780 668 0.0619666048237
10790 668 0.0619091751622
10800 668 0.0618518518519
10810 668 0.0617946345976
10820 668 0.0617375231054
10830 668 0.0616805170822
10840 668 0.0616236162362
10850 668 0.0615668202765
10860 668 0.0615101289134
10870 668 0.0614535418583
10880 668 0.0613970588235
10890 668 0.0613406795225
10900 668 0.0612844036697
10910 668 0.0612282309808
10920 668 0.0611721611722
10930 668 0.0611161939616
10940 668 0.0610603290676
10950 668 0.06100456621
10960 668 0.0609489051095
10970 668 0.0608933454877
10980 669 0.0609289617486
10990 669 0.0608735213831
11000 669 0.0608181818182
11010 670 0.0608537693006
11020 670 0.0607985480944
11030 670 0.0607434270172
11040 671 0.0607789855072
11050 671 0.0607239819005
11060 671 0.0606690777577
11070 671 0.0606142728094
11080 672 0.0606498194946
11090 674 0.0607754733995
11100 675 0.0608108108108
11110 675 0.0607560756076
11120 675 0.0607014388489
11130 675 0.0606469002695
11140 675 0.060592459605
11150 677 0.0607174887892
11160 678 0.060752688172
11170 678 0.0606982990152
11180 678 0.0606440071556
11190 679 0.0606791778374
11200 679 0.060625
11210 679 0.0605709188225
11220 679 0.0605169340463
11230 679 0.0604630454141
11240 679 0.060409252669
